11111111111111111111111111111111111111111111111111111111111111111111111111111111111111111111111111111111111111111111111111111111111111111111111111111111111111111111111111111111111111111111111118111111111111111111111111111111111111111111111111111111
11000000000100010000000001000100000000000000100000000000100000000000001000000000000001000100000000010000000000000000000000100000000000000000100011000100000000000000000100000000000000001000000010100000001000000000100011000001000101010001000100010101
11011111110101010111111101010101011111111110101111111110101111111111101011111111111101010101111111110111111111111111111010101011111111111110101011010101111111111111110101111111111110101011111010101111101011111010101011010101010101010101010101010101
11010000010101010000000101010101000000000010100000000010100000001000001000000000000001010100000000010000000000000000001010101010000000000010101011010101000000010000000100000000000000101000000010000000001010001010101011010101010001000101010101010101
11010111010101011111110101010101011111111010101111111010101110101010101011111101011111010111111111010101111111111111101010101010111111111010101011010101011111010101111101010111111110101011111111111111101010101010101011010101010101011101010101010101
11010101010101010000000000010101010000000010000000000010000010101010100010000001000000010000000000010100000000000000001010001010000000000010101000010100000001010100000001010000000000101000000000000000000000101010101011010100010101000101010101010101
11010101010101000111011111110101010111111111111111111011111010101010111110111111011111110101111111010111111111111011111010111011111110101010101111110101111101010101111111011101111111101011111110111011111010101010101011010111110101110101010101010101
11010101010101110100010000000001010000000010001000000010000010101010000000000000000000010100000001010100000000000010000010000010000000101010101000000101000001010100000000000100000000100000000010100010000010100010001000010000000100010101010101010101
11010101010100010101010101111111011111101010101011111110101110101010111111111111111111010101111111010101111111111010111111111010111111101010101011111101011111010101111111110111111010111111111010101010111110111111111011010111111111110101010101010101
11010101010101010101010101000100010000001000101000000000101000101010000000000000000001000101000001010000000000000010000000001000000000101000001000000001000000010100000000010000000010000000000000101010100000000000000011000000000000000100010001010101
11010001000001010101010101010101110111111111101011111010101011101011111110111111111101111101011101011111111111111011111111101111111010101111111011011111011111010111111111011111111110111111111111101010101111101111101011111101111111111111111111011101
11011101111111010101010101010100010000001000000010001010101000001000000000000000000101000000010001010000000000000000000000000000000010000000000011000000000001000100000000010001000010000000000000101010100000100000001000000000000000000100000000010001
11000101000100010101010101010111011110101011111010101010101011111111111011111111110101011111110111010101111111111110101111111111101010111111111011011111111101111101111111010101011010111111111110101010111110101111111011111111111111010101111111110101
11110101010101010001000101010000000000101010000010101010101000000000001010000000010101000000010000010100000000001000101000000000001010000000001011000000000100000001000000010101011010000010000010101000100000101000000000000000000001010101000000000101
11000101010101010101111101010101111111101010101110101010101111111111101010111111010101111111011111010111111111101010101011111111111011111111101011011111110111111101011111010101011011111010101010101111101111101011111011111111111101010101010111111101
11010101010101010101000101010101000000000010100000101010100000000000000000000000000001000000010000010100000000001010101010000000000000001000001011000100000100000101010001000100011000000010101010100000100000100010001011000100000001010101010000000101
11010101010101010101010101010101111111111010111110101010111110111110111111111011111101011111110111110101111111101010101010111111111011101011111011110101111101010101010101011101111111101110101010111010101011111010101011010101111111010101010111110101
11010101010101010101010101010100000000000010100000101010000010001000100000000010000000010000000100000100000110001010101010000000000000101010000000000100000001010101010100000001000000000000101010100010001010001010101011010100000001010101010100000101
11010101010101010101010101010111111111111110101111101011111010101010101111111110101111110111111101111111110110101010101010111111111110101010101111110111110101010101010111111101011111111010101010101010101010101010101011010111111101010101010101111101
11010001010001000101010101010100000000000010101000000000000010101010101000000010100000010000000000000000010110101010101010100000000000101010101100000000000101010000000000000100000000000010101010101010101010101010101011010100000000010101010100000101
11011111010111110101010101010101111111111010101110101111111110101010101111111010111111011111011111110111010110101010001010101111111111101010101101111111111101011111111101010101111111111010101010101010101010101000101011010101111111110101010111110101
11000000010000000100010000010100000000000010100000100000001000101010000000000010100000000001010000000100010110101010101010100000000000101010101101000000000101000000000001010000011000000010101010101010101010101111101011010101000000000100010000010101
11111111110111111101111111110111111111111000001010111111111010101011111111111110101111111101010111111101010110101010101010111111111110100000101101010111110101011111111111011111011011111110101010101010101010101000101011010101011111110111111111010101
11000000000100000000000000000100000000000011101010000000001010100000000000000010100000000001000000000001010110100010101010000000001000101111101100010100000101010000000000000001011010000000101000001000101010101010101011010101000000010000000000010001
11010111111101111111111111110101111111111010001011111111101010111110111111111110111111011101111111111111010110111110101011111111101011101000101101010101111101010111111111111101011010111111101111111111101010101010101011010101011111010111111111111101
11010000000000000001000000000100000000000010101010000000001010000000100001100000000000010001000000000000010110000000101000000000001000001010100001010100000101010000000001000100011000000010000010001010001000001010000000010001010001010100000000000001
11011111011111111101011111111101111111111110101010111111111011111110101101101111111111010101011111111111010110111111111111111111111111101010111101010111110101011111111101010101111111111010101010101010101011111010111111110111010101010101011111011111
11010001010000000001000000000000000000000010101010100000001010000010101000000000001000010101010000000000010110100000000000010000000000001010000001010000000100010000000001010100000000001000101010101010101010000010001100010100010101010101010000000001
11010101010111111111111111111111111111111010101010101111101010111010101011111111111011110101010111111111110110101011111111010111111111101010111101010111111111010111111111010111111111101010101010101010101010111110101101010101010101010101010111110101
11010101010000000001000000000000000000000010101010001000000000101010101000000000000000000100010000000000010110101000000000010000000000101010100001010000000000010000000000010100000000001010101010101000101010000010101101010101000101010001010100010101
11000101011111111101011111111111111111111010101010111011111010101010101111111111111011111111011111111111110110101111111111011111111110100010101111011111010101111111111111010101111111111010101010101111101011111010101101010101111101011101010101010101
11011101000000000000010000000000000000000010100010000000001010101000000000000000001000000000010000000000000110101000000000000000000000111110100000000000010100000000010101010000000000001010101010100000000000000010101101010100000001000001000101010101
11010001111111111111110101111111111111101010101111111111101010100011111111111111101011111111010111111111111110101011111111111111111111101010101111111111110111111111010101011111111110101010101010101111111111111010101101010101111101011111110101010101
11010100000000000000010100000000000110001010101000100000001011111110000000000000001000000000010000000000000110101000000000000000000000001010100000000000010100000000010101000000000000101010101010101000000000000010100001000001000000000000000001010101
11010101111111111111010101111111110110101010101010101111111011111110111111111111111111111111111111111111110110101111111111011111101011111010111011111111010101111111010111111111011111101010101010101011111111111010111111111101011111111101111101010101
11010101000000000000010101111111110110101010101010101111111000100010111111111111111111111111110000000000000110001000000000011110001000001010111011111111010101111111010100000000011111101010101000101010000000000010000001000001011111111101111101010101
11010101010111111111110101000000000110101010101010101000100010101010101111111111111101010111010111111111010111111011111111111010101111101000000011000000000100000001010101111111111110001010001011101010111111111111111101011111000000000001010101010101
11010101010111111111110101011111111110101010101010101010101010101010111111111111111101010101010111111111010111111111111111111010101111101011111011011111111111111101000101111111111110111010111000001010111111111111111101011111011111111111010101010101
11010101010100000000000101000000000110101010001010101010101010101010100000000000000101010101010000000001010011101000000100001010101000001010001011000000000000000001011101000000000000100010100011111010000000000010000001000000000000000001010101000001
11010101010101111111111101111111110110101010111010101010001010001000101111111111010101010101011111111101010111101011111010101010101011111010101011011111111101111101010001011111111010101010101000001011101111111010111111111111111111110101010101011111
11010101010100000000000001000000000110101000000010101011111011111111101100000001010101010101000000000001010111101010001010101010101000000010101011000000000101000000010101000000011010101010101010101000100000001010000000000001000000000101010101000001
11010101010101111111111111011111111110101110111110101000000001000000001111111100010100010001011111111111010111101010101010101010111111111010101011111111110101011111110101111111011010101010101010101010111110101011111111011111011111111101010101010101
11010101010101000000000000000000000110100000100000111111111101011111111111000111110111111111010001100101010111101010101010101010101000001010101011000000000000000000010101000000000010001000101010101010100010101010000000000000000000000001010101010101
11010101010101111111101011111111110110111110101111110000000101000000000111110000000100000000010101010101010111101010101010101010101011111010101011011111111101111111010101011111111111111110101010101010101010101010101111111111011111111101010101010101
11010001000100000000001000000000000110000000100000101111110101111111111111110111111101111111110101010101010111101010101010101110101000000010101000000000000000001000000100000000000110000000101010101010101010101000100000000001000000000100010101010101
11000101010111111111101011111111111110111111111110101000000100000000001111110110100000000000000100010101010110001000100010100000101111101010101011111111111111101010111111111111110110111110101010101010001000101110101111111101111111110101110101010101
11111101010000000000001000000000000000000000000000101111111111111111101111110101011110111111111111010101010111111111111110111111101000101010101000000000000000101010100000000000000110000010101010101011111110101010100000000001100000010100010100010101
11000001010111111111111111110111111011111110111111101000000100000000000011110101000010000000000101111101110011100000000000000000001010101010100011011111111110101010101011111111111111111010101010100000000010101010111111111101011111111111010111110101
11011111010000000000000100000100000000000010011000001111110111111111111111110001111010101111111101100101111111101111111111111111101010101010111111000000000010101010101010000000000000001010101010111011111010101010100000000101010000010000000000000001
11000000011111111111110101111101111111111011101111100000000110000000000011110111000010101000000001010011000001100000000000100000001010101010000011011111111010101010101010111111111111101010101010001010001010101010101111110101011111010101011111110111
11011111000000000000000100000100000000000000101000001011111110111111111111110001011110101111111111010111111111101111111110111111111010101011111011010000000010001010101010100000000000001010000010101010101010101010100000010100010000010101000000010001
11010001111111110111111111110111111111111010101011111000000010110000000011111101000001101000000000010000000001100000100000000000000010101000000011010111111110111010101010101111111111111011111010101010101010101010111111010111010111110101111111010101
11010101000000000100000000000100000001100010101010001111111010101111111111110001011111101111111111110111111111111110101111111111111010101011111111010000000000100010001010100000000000000000001010101010101010100010100000010000010000010110000000010101
11010101011111111101111111111111110111101010101010100001001010101000010111110111000100001101000110010111010000000000000000000000000010100000000000010101111111101111111010111111111111111111101010101010101010111110101111110111111111010101011111110101
11010101000000000000000000000000010111101010101010111110101010101111101111111001010101110101010101010101010111111110111111111111111110111111111111110100000000100000000010000000000001100010001010101010101010100000000000010000011001010101000000010101
11000101011111111111111101111111010111101010101000110010101010100000011100000101010110010101010101010101010111100000100000000100000000000000000000010111111110101111111111111111111101101010101010101010101010101011111111011111110101010101111111010101
11110101000000000001000100000001010110001000000010101010101010101111111111110101010101010101010101010101110111101110101111110101111111111111111111010100000000100000010000000000000101101010101010101000101010101010000000000010010101010101000000000101
11010101011111111101010111111101010111111111111110101010101011100000000100000101010101010101010101010011000111101000101000000101000000000000000011010101111111111111010111111111110101101010101010101111101010101010111111111101010101010101111111110101
11010101000000000101010100000001010110000000000010101010101010111111111111111101010101010101010101011111111111101010101011111101010111111111111011010101000000000000010001000000000000001000100110100000001000101010000001000101001100010100000001010101
11010101111111110101010101111111010111111011111010101010100010000000000110000001010001000101010001011001100111101010101000000101010100000000001011010001011111111111111101011111011111111101111110111111101110101011111111010101111101111111111111010101
11000101000100010101010100000000000110000010000110101011111111111111110111111111011111110101011111010101010111101010101111110101010101110011101011010100000000000000000001010000000010000000000010000000000000001010000000010110000000000000100010010101
11110101010101010101010101111111111111111110111110100100100000000000010111110000001001010100010101010101010111101010101000000000010101000000101011000101111111111110111111010111111010111111111010111111101111111010111111110101111111111111011111110101
11000101010101010101010100000000000110000100100010101110111111111111110111101111111101010101110101010101010111101010101111111111110101000000101011111100000000000000000001010000000010100000000010000000100000000010000001100100000010011100000001110101
11010101010101010101010111111111010111111110101010101010100000000000000111100000010101010101100101010101010111101010001000000000010101000000101011000101111111111110111101010111111110101111111111111010101111101111111111010111111111010101110101010101
80010001010101010101010000000001010100011010101010001011001111111111111111111111010100010101010101010101000000000011111011111011110101000000101011010101000100000010000101010000000000101000000000000010101000100000100011010000000101010101000101010101
11111101010001000001000101110101010111111010101011111010110100000000100000000001010101010101010101010101011111111010001010001000010101000000101011010101010101010111110101011111111010101011111111111010101010111110101111011111110101010101010101010101
11000101011111111111110100010101010110101010101011001010101010111111111111111111010001010101010101011100000000001010101010101111010101111111101011010101010101010100000100010000011010101000000000000010000010000000101111011000001101010101010100110101
11010101010000000000010101010101010111101010101010101010101010000000010000000000011101000100010001010111111111101010101010101000010000000000000011010101010101010101010111110111011010101111111110111110111110111111101111010111111101010101010111110101
11010101010111110101010101010101010111101010101010101010101011111111010111111111010001011111110111010100000000001000101010101011111111111111111111010100010101010001010001000001011010100000000010000000001000100000101100010000000100010101010000000001
11010101010100010101010101010100010101111011101110101010101011111111010111111101010101011101111111010101011111111110101010101000000000000000000011010111110101011111011101010101011010111111111010111111101010101010101111010111110101010101010101111111
11010101010101010101010101010101111111111111111110101010101011111111110111111101010101111101010111110101011111111110101010101111111011111111111011010111110101000000000101010101011010111111111010111111101010101010101111010111110101010101010101111111
11010101010101010101010101010101111111111111111110101010101011111111110111111101010101111101011111110101010000000010101010100000000010000000001011010100000101011111110101010101011010000000000010000000101010101011111111010101111101010101010111111101
11010101010111010101010101010101111111110101111111101111101011111111011111110101110101110101011111111101010111111010101010100000000010000000011011010101111101011111110101010101011010111111111111111110101010101011111111010101111101010101011111111111
11010000010000010101010101010101111111110111111111111111101011111111111111110111110101010100011111111101010000001010101010101111111111111101111011010100000001000000000101010100011010100000000000000000101010001010000001010100000001010110010000000001
11011111011101010001010101010101010000010100000000100010001011000000000000000100010101010101100000000001000111101000101010100000010001000100000000010111111111101111111101010111111010101111111111101111101011111011111111110111111111110101111111111110
11010001010001011111010101010101010111111101111110111010111010111111111111111111010101010101011111111111010110001111101010101111010101010111111111110100000000000000000000010000000010000000000000000000100000000010000000000100000001000000010000000011
11010101010101000001010101010101010110000001000010100010100000000000100000000001010100010101000000000000010110100000100010100001010101010000000000000101111111111111110111110111111111111111011111111110111111111010111111111101111101111111010111111101
11010101010101111101010101110101010111111110111010101010101111111110111111111111010111010101011111111111111110111110101010111101010101011111111111111100000000010000000000000000000000000001000000000000000000001110000000000101000101000000010110000001
11010101010101000001000111001100010111100010110010101010101101000000100000000001010001011101000000000000000000100000001010100001000100010000000000000101110111010111111111110111111111111101111111111110111111101111111111110101110101111111010101111111
11000101010101011111110101110111010111101010101010101010101010111111111111111101011101010001111111010111111111101111111010101111111111110111111111110100010100010000000000010000001100000000000000100000000000001010000000100010000101010000100101000001
11110101010101010001000100010100000111101010101010101010101010000000110000000001100101010101000110010000000000000000001010101000100000010000000000010111010101010111111111011111101101111111111111101110111111111110111111011101111101010111010101011101
11010101010101010101011101010101111111101010101010101010101011111110101111111101010101010101010101111111111111111111101010101010111111011111111111010000010101010000000011000000000000010000000000011000000001000000000011000101100101010101010101010001
11010101010101010101010001010101100111101010101010101010101011000000100000000101010101010101010101100000000000100100001010101010100000010000000000011111110101011111111011111111111111010111111111111111111110111111111111110101010101010101010101110101
11010101010101010101010101010101010111101010101010101010101010111111111111110101010101010100010101011111111111010101111010101010101111110111111111110000010001010000000011000000000000010000000100000000101010000000100010010101010101010101010001010101
11010101010101010101010101010101010111101010101010101010001010110000000000000101010101010111110101010000000000010100000000101010100000000000000000010111010101010111111111011111111011010111111101111110101011111111101111010101010101010101111101010101
11000001000001010101010101010001010111101000101010101011111010101111111111111101010101010100010101010101111111110111111110101010101111111101111111110100000101010000000000010000000011010000000000001010101011001000001111010101010100010100000101010101
11011101011101010101010101011101010111101111101010101101010010101100000000000001010101010101010101010100000000000001000000101010100010000001000000000101110101011111110111110111111111011111111111111010100010101010111111010111010111010101010101010101
11000101010001000100000111000101010111100000101010001010101010101111111111111111010101010101010101010111111111111101011111101010111010111111011111110101000101000000000100000110000000000000100000000010111010101010101111010101010100010101010101010101
11010101010101111111110101110101010111111110101011111010101010101000100000000000010101010101010101010110000000000001000000100010000010000000001000010101010101011111110101010101011111111110111111111010101010101010101111010101010101010101010111010101
11010101010100000000000100000101010001110000001000000010101010101111011111111111110101010101010101010101111111111111111110101011101110111110101011010101010101000100010101010101000000010000101000001010101010111010101111010101010101010101010100010011
11010101010111111111111111111101010111101111111111111010101010100000000000000000100001010101010101010101000111100000000000001010100010100010101011010001010101010101010101010101111111011111101111101010101000101010101111010101010101010101010111011111
11010101010100010111000000000000010110001100000000000010101010111111111111111111011111010111000101010101010111101111111111111010101010101010101011010101010000010101010101010101000000000110101110101010101011101010101111010101010101010001010000000101
11010101010101010101011111111111111111101011111111111110101010100000000000000001010110010111111101010101010111100000000000101010101010101010101011010101011111010101010101010101011111111110101010101010101010001010101111010101010101011111011111110101
11010101010101010101000000001001000001101000101000000000101011111111111111110101010101110100000001010101010111111111111111101010101010101010101011010101010001010101010101010101011100010010101010101010001010101010101111010101011101011000000001010101
11010000010101010111111111110101111111101111101111111111101010000000000010110101010101010111111111010111010111100000000000001000101010101010101011010101010101010101010101110101011111111010101010101010101010101110101111010101010001010111110111010101
11011101110101010100000000000101000000000000001000000000001011111111111111110101010101010100000000000100010001101111111111111110101010101010101011010101010101010101010001000100011000001000111010101010101010101011100011010101111111010000010110010101
11000101000101010111111111110101011111111111101111111111101001001000110111000101010101010101111111111111111111101000000000001100101010101010101011010101010101010101010111111111011111101011111010101010101010101100001111010110000101011111010101110101
11110101011111010100000000000111000000001100000011000010001011101010101111111101000101010101100000010010001000001011111111111010101010001000101011000101010101010101000001100111000100001000000010110000101010101011101100011101010101010000010100000101
11000101010000010101111111111101111111111010101010101010100000101010101111000101111101010101011111101010101111111011000000001010101010111110101011111101010101010111111101010101011111111111111010101111101010101110101111010101010101010111110111111101
11010101010101110101000000001100100000000010101010101010101110101010101111110000000000000101010000101010101100000000111111101010101010000000100000000001010101010100000101010101001111000000000010010101011000100010101111010101010101010100010101000011
11010101010101011001011111111111111111111010101010101010101010101010101111111111111111111101111010101010101111111111100100101010111010111111101111111101010101010101010101011111011111111111101111111010101110111010101111111101010101010101010111111111
11010101010101010101000000010110010110000010101010101010101011100010101111110000000000000010001010101010101100000000001010100010100010000000000000000000000101000101010100001100011111101000001000001010101000000110101100000101110101011001000101100101
11010101010101010101111111110101010111111010101010101010111010111110101111110111111111111011101010101010101111111111111010111110111010101111111111011111111101111101010111110111111111101011111111101010101011111110101111110101110101010101110101010101
11010101010101010101000000000101010110001010101010101010100010000000001111110100000000000010001010101010101100000000000010000000000000100000000011000001000001000101010100000100000111101000001000001010101010001000100000010100000100010100010100010101
11010101010101010101111111111101010111101010101010101010101011111111111111110101111111111110101010101010101111111111111011111111111111111110111111111101111101010101010101111101111111101011111010101010101011101011111111010101111101110111010111110101
11010101010101010101011111111101010111101010101010101010101111111111111011110101111111111110101010101010101111111111111011111111111111111111111111111101111101010101010101111101111111101011111010101010101010101111111111010101111101110111011111110101
11010101010101010101111111110101010111111010101010101111101111111111111111110101111111111110101010101110101111111111101010111111111010111010101111111101010111010101110111111111111111101111101010101010101010101111111111110111110111111101010101010101
11010000010101010101111111110101010111111010101111101111101111111111111101110101111111111110101010111111101111111111101010111111111010111010101111111101010111010101110111111111111111101111101010101010111010101111111111110111110111111101010101010101
11011101110100000100000000000101000110000110101111101000101000100000000011110100100010000000101010111111101111000000101000110000000010100010100000010101010000010101000100000000001111111000001010101010100000100000000001010100000110000001010101010101
11010001000101111111111111111101111111111110100000001010101010101111111111111110101010111111101010000000001111111110101110101111111010101011111111110101011111110101010101111111111111111011111010100010111011111111111111010101111101110111110101010101
11010111010100000110000000000001000000000000101111101010101010100000000111001010101010000000100011111111101111000010101100100000100010111000100000010101000000010100010100000000011111100010001010111000000010000100000000010100000110010110000111000101
11010100010111111101111111110111111111111111101100101010101010111111111111111010101011111110111010000000001111111110101011101010101010101111101111110101111111010111110111111111011111101010101010001111111111111011111111110111110101011101111101110101
11010101010000000100000000001000000000001000101010101010101010100000001111000010001011000000110011111111101100000000101010001010101010100011000000011001000000010000000110000000011111101010101010101001000000110000000000011000000101010001000100000001
11010101010111110111111111010111111111101010101010111010101010111111101111111111111010111111101010110010101111111111101010111010101010111010111111010111011111111111110101111111111111101010101010101010111111101111111111010111111101010101011111111101
11010101010100010000000001010000000000001010101010100010101110000000001111000000000010000000101010101010000000000000001010100010101010000000000011011000000000000000010110000000000110001010101010101010000000100010000000010000001001010101010110000101
11010101010101011111111101010111011111111010101010101110101011111111111111111111111111111110101010101010111111111111111010101010101011111110111111010111111111111101011101111111111111101011101010101011111110111010111111111111110111010101010101011101
11010101010101000000000000010001000000001010101010000010000000000000000111000000000010100000101010101010001100000000000010101000101010010010100011010000010000000001000011100001000000001100001010101010000000001010100000000000000100110101010101110011
11010101010101011111111111010101111111101010101011111110111111111111111111111111111110101111101010101010101111111111111110101111101010101110101111011111010111111111111101111101011111111011111010101010111111101110101111111111111101110101010101011111
11010101010101010000000000010101000000001010111000000000000000000110000111000001000001100000101010101010101100000000001000101000000000101001101111001001010101010101110101010001000000001100000110101010100000001000000000000001010001010100111001010001
11010101010101010111111111110101011111111010101111111110101111110111111111111111111111111110101010101010101111111111101010101111111111101111101111110101010101010101010101010101111111101011111110101110101111101111101111111111010101111111110101010101
11010100010101010000000000000101000000000010001000000001110000010101001000000010000000000000101010101010100000000000001010001000010000001000001100000101010101010101010101010100000000000000000001100000101100010000000000000000010101010000000101010101
11010101110101011111111111110111111111111111111011111011101111010111101111111011111111111111101010101111101111111111111011111111101111111111111111110101011101010101010101010101111111111111111111111110101011111111111111111111010101010111110101010101
11000000000000000000000000010100000000000000000000000010000001010100001111000000000000000010101110001000000000000000101010000000000000000000011000000101000011010100010101010100000000000000000000000000101010000000001100000000010101010001100101010101
11011111111101011111111111010101111111111111111111111010111111010101111111110111111101111110101011111111111111111111101011111111111111111111011111111101011111010111110101010111111111111101111111111111101011111111101111011111010101111101011111010101
11010000000001000000000001010100000000000011000000000010100000010100000011110110000001000000101000011010000011100000001000000000000100000000011000000000010000010000010000110000000111000001000000000100001001000000001111000001010101010101010001010101
11010111111111111111111101010111111111111010111111111110101111110111111111110101111111011111101101010101111111011111111111111111110101111111111111111111101111111111101111111111111111111111011111111011111111111111101111111101010101010101010101010101
11000100000000000000000001010000000000000010000000000010100001001100101111110100000000000000000001010110000000000000000010000000000100000000000011010000001100110000000000000000000110000001010000000011000000000000001111100001010101010110000101010101
11011101111111011111111111011101111111111111111111111010111101011111101111110111111111111111111101010101111111011111111011111111111101111111111111101111111010101111111111111111111111111111011111111110101111111111101111011111010101010101111101010101
11000100000001000000000001010000000011000000000010100010000001010010101111110000000000011000000001010100000111000000001010000000000100000000000001100000001010100000000000000000000110000000010000001100110000000000001111000000010101010101000100110101
11110111111101111111111101010111111011111111111110101111111101110110101111111111111111110111111111010111111111111111111110111111111101111111111111111111111010111111101111111111111111111111111111101010101111111111111111011111110101010101010111110101
11000100000001000000000001010100000011100000000000101000000000000110001111000000000000010000000001000110100011000000000000110000000101000000100000000000000010000000001000000000000000000000000000001010100010000000000011000001100101010001010101100101
11011101111111011111111111010101111111111111111111101011111111110101111111111111111110101111111111111101011111011111111111101111110111111111011111111111111010111111111011111111111111111111111111111010111111111111111111111111011101010111010101011101
11000000000011000000000000000100000000000000000000000000000000000100000000000000000000100000000000000001000000000000000000001000000100000001000000000000000010000000000000000000000001100000000000000010000000000000000000000000000001000000010011000011
11111111111111111111111111111111111111111111111111111111111111111111111111111111111111111111111111111111111111111111111111111111111111111111111111111111111111111111111111111111111111111111111111111111111111111111111111111111111111111111111111111111